# Frame list with one line of data per frame:
#   FRAME_ID, RIG_ID, RIG_FROM_WORLD[QW, QX, QY, QZ, TX, TY, TZ], NUM_DATA_IDS, DATA_IDS[] as (SENSOR_TYPE, SENSOR_ID, DATA_ID)
# Number of frames: 50
1 1 0.54267484019342527 -0.11920360769337372 -0.82947261978028042 0.057181209927415273 4.3382181554619654 -0.41377693246109226 4.2611420213160391 1 CAMERA 1 1
2 2 0.56383547308259174 -0.1185346073365804 -0.81577933151777615 0.050430034956393373 4.2523678462717935 -0.44340347264941449 3.9876724222711726 1 CAMERA 2 2
3 3 0.58419635606856946 -0.11819975659850213 -0.80175967819865523 0.043873152508668418 4.158312561280189 -0.47049294220688281 3.7386774752365541 1 CAMERA 3 3
4 4 0.60492117696244585 -0.11910627497220364 -0.78631080934594155 0.039992199618746956 4.048995534870091 -0.49645695069086976 3.5740707652116765 1 CAMERA 4 4
5 5 0.62461471304466809 -0.11932823587567337 -0.77090463292874223 0.036376906134633034 3.9319351239693523 -0.51419596464913031 3.4199268317344353 1 CAMERA 5 5
6 6 0.64310346673364582 -0.12034907855767479 -0.75552674338573 0.033367205373514279 3.81042138881371 -0.53557423738972743 3.230187982978959 1 CAMERA 6 6
7 7 0.66301349726804748 -0.11914775470553989 -0.73853257264860506 0.028045572307479765 3.6704054051658148 -0.53878971544420373 3.0723461231296931 1 CAMERA 7 7
8 8 0.68061296447672925 -0.11799470026670293 -0.72267336762275058 0.024216668308468262 3.5319255376803067 -0.53922386522232735 2.852040950397412 1 CAMERA 8 8
9 9 0.69927204250255848 -0.11653413046773257 -0.70502435060614754 0.019469773054907265 3.3764218235966625 -0.53722459986796123 2.606284665456819 1 CAMERA 9 9
10 10 0.71671250337795611 -0.11490731602074619 -0.687668773284006 0.015203765213987905 3.217970553766587 -0.52874315281951401 2.3939227255216036 1 CAMERA 10 10
11 11 0.73429497798151622 -0.11368347759972874 -0.66914259337249216 0.011625057707046102 3.0464603848117697 -0.5184075145272552 2.2884344205630658 1 CAMERA 11 11
12 12 0.75238658592586505 -0.11162220112458267 -0.64914961465994325 0.0077257570354814266 2.8582586251563762 -0.49923353897523587 2.1825828115684556 1 CAMERA 12 12
13 13 0.76883657765474622 -0.10919405152487695 -0.6300420881819363 0.0037340448665141189 2.6746694393544113 -0.47339799828171575 2.1060409412570933 1 CAMERA 13 13
14 14 0.78617740020869964 -0.10305178814875471 -0.60934465772955704 -0.0021242544300077528 2.472479928673224 -0.41446554361191912 1.8629274356728189 1 CAMERA 14 14
15 15 0.79808631141347341 -0.10785112731936843 -0.59281137852992405 0.001021447907962888 2.3045537961223657 -0.45453297870063536 1.7604950090914764 1 CAMERA 15 15
16 16 0.81356177067060864 -0.10206756574793581 -0.57243839453378742 -0.0037069919307802781 2.0997363408905176 -0.39448641647004545 1.6496404646621019 1 CAMERA 16 16
17 17 0.82778573006524092 -0.099500397611579985 -0.55211546603689743 -0.0062424465038258981 1.8947603885489233 -0.36296577949036241 1.489001773112953 1 CAMERA 17 17
18 18 0.84229336435908475 -0.0985340126610212 -0.52989010678474435 -0.0070293269396064827 1.671240846428075 -0.34441571488517314 1.4345113425426714 1 CAMERA 18 18
19 19 0.85648881800058452 -0.092867286077124814 -0.50763966722389298 -0.010224484214194956 1.4457628487050391 -0.28239145418580253 1.2546472620036158 1 CAMERA 19 19
20 20 0.86897914562264944 -0.090303215266119716 -0.48639369541604111 -0.011905748403968698 1.2297874274612075 -0.24753829485120879 1.161635902822755 1 CAMERA 20 20
21 21 0.88152901946594919 -0.085800981735622325 -0.46407177814581496 -0.013496818187517797 1.0021076931913533 -0.19571139201794202 1.1157521589680821 1 CAMERA 21 21
22 22 0.892602257795166 -0.08290683716333562 -0.44291052337610964 -0.014762588297612605 0.78615430323465751 -0.15846819442956406 1.0465421170659646 1 CAMERA 22 22
23 23 0.90369672925060474 -0.078891115112328658 -0.42054549734330809 -0.015808167583955136 0.55989901779212459 -0.11073432930527095 1.0159502271311156 1 CAMERA 23 23
24 24 0.91445054272742698 -0.075247481912884578 -0.39730207949635288 -0.016403627621908671 0.32673086641052707 -0.06677742415786668 0.99785847460446209 1 CAMERA 24 24
25 25 0.92469478946895822 -0.07006752400408052 -0.37380707732934143 -0.017273023689917132 0.092718530551461467 -0.009262049220425039 0.95645031427032967 1 CAMERA 25 25
26 26 0.93397981779249295 -0.066758470902950312 -0.35061350538076175 -0.017180697413555646 -0.13684279149688178 0.029477133137329668 1.0193380802793146 1 CAMERA 26 26
27 27 0.94296957057663611 -0.061396390041601849 -0.32670152495421206 -0.01746384404896445 -0.37065841554031292 0.086132819235004071 1.0247205172611908 1 CAMERA 27 27
28 28 0.95123015629375174 -0.056430555468030982 -0.30278535392668793 -0.017257219197323093 -0.6018107897595868 0.13681311969189752 1.0163097983751064 1 CAMERA 28 28
29 29 0.95859640278450975 -0.053168196402382406 -0.27926664666345624 -0.016619853226309055 -0.82564222912975782 0.17111655489078401 1.1408702120108136 1 CAMERA 29 29
30 30 0.96560993659815153 -0.048297832694337878 -0.25498380112727276 -0.015748995607054003 -1.053111999283747 0.21681056444545727 1.2888387840900852 1 CAMERA 30 30
31 31 0.97181306441879656 -0.042531415301519077 -0.23140164974787045 -0.014957373812330234 -1.2713610738012837 0.26687055656455083 1.3056241055230542 1 CAMERA 31 31
32 32 0.97773829597812922 -0.037022978639279419 -0.20609667643715282 -0.013464159536307729 -1.4989226456853404 0.31198595601962842 1.2892418392261875 1 CAMERA 32 32
33 33 0.98287271774393103 -0.032319955595590109 -0.18104835868450722 -0.011752999727903677 -1.7190290590526098 0.34888363577624115 1.3613813159599737 1 CAMERA 33 33
34 34 0.98700747907732977 -0.026530290949331133 -0.15814334175861783 -0.010152012853381744 -1.9187291369909625 0.39007984125742184 1.5192316305343891 1 CAMERA 34 34
35 35 0.99081142123376309 -0.020945072514955414 -0.13337265182735739 -0.0081097000321916878 -2.1268719224721093 0.42677451172797426 1.5914667874854593 1 CAMERA 35 35
36 36 0.99393531612128938 -0.015225623065378993 -0.10874970783976461 -0.0058539571154711074 -2.3277018460277898 0.46041593929729352 1.7552984299562842 1 CAMERA 36 36
37 37 0.99634984053725073 -0.0091726539471780402 -0.084809712223589448 -0.0031891054407833215 -2.5189399155936854 0.49202707718375055 1.8739510119909075 1 CAMERA 37 37
38 38 0.99814863822630917 -0.0033862639212374574 -0.060725307704833281 -0.00051597264824473563 -2.7043222393383872 0.52019879483592268 1.9430305463340429 1 CAMERA 38 38
39 39 0.99931152428742431 0.0019614541297398205 -0.03695619423636172 0.0026210363610725093 -2.8819478177978524 0.53975296684648555 2.069527153596916 1 CAMERA 39 39
40 40 0.99986913362930574 0.0067516000404132482 -0.013346745059236395 0.0061640821376565012 -3.0528042181603352 0.54995791508676362 2.2730585697853587 1 CAMERA 40 40
41 41 0.99982492807418166 0.011793908152040195 0.010927507462472705 0.0095711291191949831 -3.2186616611656134 0.56030557493603905 2.4359672587889381 1 CAMERA 41 41
42 42 0.99915243813292232 0.017349313251394039 0.034707217237796843 0.013741025229226034 -3.3760595022544813 0.5658079790825723 2.5633850461186354 1 CAMERA 42 42
43 43 0.9978846678889769 0.022422407116933746 0.058427742952397298 0.01759613891390082 -3.5241566164721947 0.56809611813228622 2.7260888506107017 1 CAMERA 43 43
44 44 0.99596152371724511 0.028169142358174856 0.082282069714160966 0.02228909368238716 -3.6665121493738999 0.56406358657456823 2.9122217895298412 1 CAMERA 44 44
45 45 0.99343557739760258 0.03359042470627354 0.1059581552839868 0.027024179128307114 -3.7995454555123538 0.5551333724941041 3.1183578708724302 1 CAMERA 45 45
46 46 0.99027249159726494 0.038456515062889413 0.12991642265835571 0.03167352141171622 -3.9231292751083759 0.54206698154896438 3.2916676057622372 1 CAMERA 46 46
47 47 0.98643190453732343 0.043442551328724446 0.15396160348203353 0.036887221339660707 -4.0398799532293381 0.52177287625197755 3.4945067097669167 1 CAMERA 47 47
48 48 0.98200067568533866 0.048800354377759821 0.17749780048354832 0.042281546679916536 -4.1447860003898915 0.49708594155206665 3.6659620525970795 1 CAMERA 48 48
49 49 0.97701884772466296 0.053313300080329647 0.2007826708633294 0.047730308047450112 -4.2397872275329425 0.46575147690030755 3.8901590086987889 1 CAMERA 49 49
50 50 0.97141151312305185 0.05797291619842343 0.22392062595491599 0.053463692646432408 -4.3249159161313271 0.4293905909748415 4.113734963033397 1 CAMERA 50 50
