# Camera list with one line of data per camera:
#   CAMERA_ID, MODEL, WIDTH, HEIGHT, PARAMS[]
# Number of cameras: 50
1 PINHOLE 1024 1024 908.8994677105901 894.10628481436822 512 512
2 PINHOLE 1024 1024 897.87099144392914 881.75845378913073 512 512
3 PINHOLE 1024 1024 888.79081337098046 872.30380836019413 512 512
4 PINHOLE 1024 1024 895.8386148739288 881.61920527088773 512 512
5 PINHOLE 1024 1024 903.42592861056573 890.17794087702805 512 512
6 PINHOLE 1024 1024 901.42196645711215 891.44936603549525 512 512
7 PINHOLE 1024 1024 907.96528280181951 897.8762830132606 512 512
8 PINHOLE 1024 1024 899.50689606905451 889.72017095451281 512 512
9 PINHOLE 1024 1024 888.29434923480881 876.91254122142152 512 512
10 PINHOLE 1024 1024 880.63285274565544 867.93179664655781 512 512
11 PINHOLE 1024 1024 890.69591547568348 878.75473172309989 512 512
12 PINHOLE 1024 1024 902.88669521322572 888.14230337243112 512 512
13 PINHOLE 1024 1024 913.31005996727708 899.74987302417412 512 512
14 PINHOLE 1024 1024 895.34702579205441 881.48688538529723 512 512
15 PINHOLE 1024 1024 894.65672961411803 881.4995305239288 512 512
16 PINHOLE 1024 1024 895.94634174224325 881.79780810014745 512 512
17 PINHOLE 1024 1024 885.21851408511338 871.24650125468304 512 512
18 PINHOLE 1024 1024 893.01484613034233 878.78354469135229 512 512
19 PINHOLE 1024 1024 875.45765729259597 861.81270753540866 512 512
20 PINHOLE 1024 1024 872.01251669809017 857.4027688651546 512 512
21 PINHOLE 1024 1024 874.99594763838775 860.01505674515431 512 512
22 PINHOLE 1024 1024 872.39965955955961 854.70209428826888 512 512
23 PINHOLE 1024 1024 872.46454378679584 855.15218870586 512 512
24 PINHOLE 1024 1024 873.76595393168793 855.72430890139583 512 512
25 PINHOLE 1024 1024 869.34213499293776 850.90085856264034 512 512
26 PINHOLE 1024 1024 881.26784685495556 861.48324934990603 512 512
27 PINHOLE 1024 1024 880.87264866722512 860.60808544759504 512 512
28 PINHOLE 1024 1024 874.98354849188729 854.55369970697495 512 512
29 PINHOLE 1024 1024 891.05796156791826 869.37565835612224 512 512
30 PINHOLE 1024 1024 909.06427859795349 887.30039545778936 512 512
31 PINHOLE 1024 1024 902.99709610592231 879.33965003181561 512 512
32 PINHOLE 1024 1024 887.55073981314297 863.60385492214721 512 512
33 PINHOLE 1024 1024 886.4424811905086 861.46757934858135 512 512
34 PINHOLE 1024 1024 899.20974850315781 873.34180643220975 512 512
35 PINHOLE 1024 1024 893.71477812209446 867.72588362095553 512 512
36 PINHOLE 1024 1024 901.84479306196067 876.16180996517471 512 512
37 PINHOLE 1024 1024 901.74106979334022 875.3902209014559 512 512
38 PINHOLE 1024 1024 891.49483618110833 864.69939335390393 512 512
39 PINHOLE 1024 1024 890.58045044464291 862.60688369316949 512 512
40 PINHOLE 1024 1024 901.26700159314862 873.04562828745611 512 512
41 PINHOLE 1024 1024 901.91666811572838 874.00993038321292 512 512
42 PINHOLE 1024 1024 895.79731474863843 867.42096012713989 512 512
43 PINHOLE 1024 1024 894.74164431065424 866.3043753260489 512 512
44 PINHOLE 1024 1024 896.15529112382228 867.15213675080054 512 512
45 PINHOLE 1024 1024 900.32121638751767 870.97763652597143 512 512
46 PINHOLE 1024 1024 897.83316253247563 868.59430997681443 512 512
47 PINHOLE 1024 1024 898.16138759555395 869.4015369768224 512 512
48 PINHOLE 1024 1024 891.43506005970141 863.56052234005676 512 512
49 PINHOLE 1024 1024 895.5492898635606 867.12151592397242 512 512
50 PINHOLE 1024 1024 898.28980831183515 869.98011480620903 512 512
