# Frame list with one line of data per frame:
#   FRAME_ID, RIG_ID, RIG_FROM_WORLD[QW, QX, QY, QZ, TX, TY, TZ], NUM_DATA_IDS, DATA_IDS[] as (SENSOR_TYPE, SENSOR_ID, DATA_ID)
# Number of frames: 100
1 1 0.61460221760929679 -0.10915002979112134 -0.38647606669015766 -0.67895996566957983 -0.14914014621987973 -1.4632371830967654 2.0278528154238065 1 CAMERA 1 1
2 1 -0.46252820125066535 0.18752393812293294 0.59258204526133729 0.63225703263196753 0.017491451988339828 -2.3066015246129341 2.8881897358650628 1 CAMERA 1 2
3 1 0.63002520480405155 0.047378828490120005 0.18042490154037419 0.75383707976369996 0.35490070295256049 -0.64434229384064112 1.6943326536086514 1 CAMERA 1 3
4 1 0.7461656792084822 -0.30843130608984881 -0.37815056213610332 -0.45288967856554591 -0.39088866663684058 -2.2875857351975903 2.9073258207384542 1 CAMERA 1 4
5 1 0.075983742240671018 -0.072261680081451729 0.67141452488360143 0.73362610114569737 0.52237567684825592 -2.355726896518552 3.0714887950080665 1 CAMERA 1 5
6 1 0.0270993408820887 -0.044971084970334078 0.57393280107778299 0.81721745397865642 0.4955852543188522 -1.933938987560841 2.4720368422446892 1 CAMERA 1 6
7 1 0.65454742982498137 0.10376551700968509 -0.13053784945691843 -0.73740100993176494 -0.2059996514378247 0.26663054304023304 1.6137075761179971 1 CAMERA 1 7
8 1 -0.29294336906625085 0.12275620614806307 0.69266286005830169 0.64755946342255111 0.22765135971091266 -2.4671500430919098 3.2070812669050976 1 CAMERA 1 8
9 1 0.61638335787697596 -0.24651688752632236 0.48015702729368087 0.57336742969681642 0.31722199960898179 -2.4802172038386479 3.2557800033501452 1 CAMERA 1 9
10 1 0.87988776135629465 -0.20898032152321408 -0.20464842014681928 -0.37449135739409717 -0.50490749105769128 -1.8149609815048926 2.3530647586313496 1 CAMERA 1 10
11 1 0.3982963651404805 -0.22977419338343275 0.63560148835175934 0.62014076916124639 0.4907677279534815 -2.5842852165074119 3.6483091645745556 1 CAMERA 1 11
12 1 0.5579653559894332 -0.18274130584611753 -0.50011381179032921 -0.63652686660484958 -0.098452653143342089 -2.0489023925633116 2.5377139245169293 1 CAMERA 1 12
13 1 -0.099083012490328248 -0.0086531569166160491 0.56323258237921059 0.82029064218584358 0.42179751243814251 -1.8350977327814844 2.3553504163604617 1 CAMERA 1 13
14 1 0.64746672770980773 -0.32552115157190309 -0.48851672916036848 -0.48597759384411027 -0.28405908045230815 -2.4631844971884664 3.2111615641917939 1 CAMERA 1 14
15 1 0.47082128225849462 -0.021495918586318868 0.28019504283009289 0.83627506457507139 0.48373015285333276 -0.98309058262953797 1.8253639124073235 1 CAMERA 1 15
16 1 0.84755526861303532 -0.51105419300307797 -0.083696590024243275 -0.11605412219551764 -0.52958882987668243 -2.6448907093161087 4.0227202740422223 1 CAMERA 1 16
17 1 0.72266856038495075 0.044281149924311224 0.18163136946874453 0.66543172243095827 0.24151282256504999 -0.84051402828228738 1.7371156503719511 1 CAMERA 1 17
18 1 0.88238592119420967 -0.46236695747102169 0.08191985496379571 0.030016996517758916 -0.42751496672920336 -2.6433823950190778 3.8773690762111577 1 CAMERA 1 18
19 1 0.9283612135375171 -0.32031399927133819 -0.086745156680653829 -0.16739079085301664 -0.53894678030847232 -2.2769204859426395 2.9326856316917782 1 CAMERA 1 19
20 1 -0.25776033761234696 0.023809126593768021 0.50238431280173923 0.82498650661422046 0.29187285005119223 -1.5520674375917349 2.0982819011603802 1 CAMERA 1 20
21 1 0.54827824076580101 -0.15686730940460156 -0.48499182747382391 -0.66299814873536433 -0.075440173004727371 -1.9159620894332485 2.3935216604031497 1 CAMERA 1 21
22 1 0.80629882226898641 -0.45400018891202376 0.2994674031797715 0.23256249075948662 -0.15714881190612592 -2.7029302627768206 4.1539600805326247 1 CAMERA 1 22
23 1 0.86371312523823618 -0.42480455370563003 -0.16826708827870193 -0.21266620663463864 -0.53949377057439885 -2.521905299567524 3.4652528729483816 1 CAMERA 1 23
24 1 0.66431622857159245 -0.16063148426780688 -0.39239426710537129 -0.61555520780932049 -0.22869033136452821 -1.7231731048183674 2.2259502133940674 1 CAMERA 1 24
25 1 -0.2470559313588081 0.075679601801569615 0.65809319501793728 0.70721235235441915 0.28720616960009798 -2.2952504811488619 2.8926459392447663 1 CAMERA 1 25
26 1 0.80016241469357063 -0.42397349048697852 0.32496032609631476 0.2727404919322014 -0.10628205379212377 -2.6943915770485467 4.0149471407244111 1 CAMERA 1 26
27 1 -0.35346972225307427 0.056063119100164316 0.49971857728477392 0.78879491988955963 0.18555233067926458 -1.6122846028735052 2.1435039622042233 1 CAMERA 1 27
28 1 0.60919717381439986 -0.31947920161037963 -0.52684185915441129 -0.49924893449827806 -0.23396346166373908 -2.5014774477266268 3.2886029850372664 1 CAMERA 1 28
29 1 0.72033182726584721 -0.46409408081051273 0.41484096269280035 0.30601587941902875 0.0076482804262005709 -2.7069558453034555 4.4595275853176464 1 CAMERA 1 29
30 1 -0.46919284211624585 -0.021479471299329599 0.28259538101690035 0.83638302221380234 0.046705375332924827 -0.44128252136961232 1.6254827108732353 1 CAMERA 1 30
31 1 -0.10601010879612523 -0.0037082612339110026 0.58580964361226817 0.80347692380212288 0.41668496248947756 -1.9401232622190117 2.4579310604957691 1 CAMERA 1 31
32 1 -0.39551912088259145 -0.077707341773651892 0.17571153778955895 0.89813787891301144 0.12385981940948911 0.27876298068933086 1.6095192242001999 1 CAMERA 1 32
33 1 0.95647520285465537 -0.11417848546764489 -0.086477767795473406 -0.25424408637679824 -0.54128249420288621 -1.4449027528227369 2.0735454613173183 1 CAMERA 1 33
34 1 0.75591800976682033 -0.1079295132288953 -0.28441332103143424 -0.57969668405487118 -0.33505924027189138 -1.3142670167418002 1.9538307644880124 1 CAMERA 1 34
35 1 0.77077363325446158 -0.031556020863349181 0.23482878944314417 0.59141158551017248 0.1715216472118887 -1.3904752076206819 1.9840897769018406 1 CAMERA 1 35
36 1 -0.30017408868430062 0.12980954864547312 0.69542591767977269 0.6398654472482902 0.21819584417156876 -2.483910533633662 3.2441082815780296 1 CAMERA 1 36
37 1 0.72800197323244009 -0.081309185090202241 0.29060346776852169 0.61559042220501659 0.22826217719178463 -1.6679801806204637 2.1792099941708378 1 CAMERA 1 37
38 1 0.69444376526415508 -0.22765890412298187 -0.40638384475074518 -0.54842634052794037 -0.29263356391432438 -2.0315865115673333 2.5404440571471718 1 CAMERA 1 38
39 1 0.83426731823617439 -0.14333264197491635 0.26870960391103677 0.45961825924726502 0.030250257774643383 -1.9867632775397761 2.4585461580414423 1 CAMERA 1 39
40 1 -0.15077206525482242 0.020552200110698526 0.63109705673418992 0.76063256332532081 0.38203380988902208 -2.1423196425411724 2.6862614139545391 1 CAMERA 1 40
41 1 0.4331418915350933 -0.1455587814234881 0.50035695307278183 0.73542073839376654 0.49363705279407522 -2.1232030127160648 2.6927262428434982 1 CAMERA 1 41
42 1 0.9261643634332769 -0.22348752983407214 -0.13539332341898419 -0.27192194447756557 -0.53979419039833265 -1.9030321446209109 2.4498195518021597 1 CAMERA 1 42
43 1 -0.091983080211697182 -0.014119606584356873 0.53005804180970761 0.84283938088910493 0.42535846103182218 -1.675503858552108 2.2191957134553371 1 CAMERA 1 43
44 1 -0.29764800009218823 0.072576076170890277 0.5890540171269345 0.74776583641898164 0.24082768058360182 -2.0256158832641362 2.5202404843032502 1 CAMERA 1 44
45 1 0.71335945347673368 0.021166565245832686 -0.19986091987365195 -0.67136121377268099 -0.28381856749459583 -0.41572435613329328 1.6421886708034306 1 CAMERA 1 45
46 1 0.99308867318205929 -0.11184676092959321 0.035058506181660877 -0.0060075295559785151 -0.46586886423549861 -1.6177321383258541 2.1751929968140069 1 CAMERA 1 46
47 1 0.36801032085591623 -0.26081457933272129 0.69297691955385743 0.56242968264189952 0.49486748573354628 -2.659394280979738 4.1189307537400559 1 CAMERA 1 47
48 1 0.48013182730492693 -0.20011818458997921 0.53876525709204937 0.66269007715204309 0.45399932994975994 -2.3945065755073229 3.1144103583932341 1 CAMERA 1 48
49 1 0.67384380456098203 -0.032339384919857848 -0.27419149174697643 -0.68535225766853225 -0.21528168657799407 -0.83514505952372997 1.7346177302282542 1 CAMERA 1 49
50 1 0.99373977026741478 -0.04531302697620699 -0.0026709992880605744 -0.10208263485002038 -0.51562842765958072 -1.2425800992978797 1.9486627916616674 1 CAMERA 1 50
51 1 -0.20710541759394394 -0.029981500467441899 0.32423741405302009 0.92253918884845709 0.3277323433825689 -0.54640210334071682 1.6705193932505544 1 CAMERA 1 51
52 1 0.9501788761624248 -0.28031008323634188 -0.047884401744242168 -0.12764577783985961 -0.52650927727828678 -2.1731354191289505 2.7686868425871913 1 CAMERA 1 52
53 1 0.86320283781526863 -0.47412078881111797 0.14815054416933118 0.090231672195086335 -0.36052503555487381 -2.6739844833942645 4.0349496383481345 1 CAMERA 1 53
54 1 0.76873997483323586 -0.39830918744478033 -0.34641674916756743 -0.36108735534029607 -0.45920619874599872 -2.5066142982246973 3.3796192228883872 1 CAMERA 1 54
55 1 -0.16341726309736324 0.039169797881631274 0.68455759276251804 0.70932462754853354 0.3682124888809763 -2.3579064638739484 3.0201819574385751 1 CAMERA 1 55
56 1 0.11060977992364528 -0.018054333048358809 0.17578305079207762 0.97802854595234157 0.51795873224252065 0.094518379841248959 1.6438047547088528 1 CAMERA 1 56
57 1 0.22421616742376191 -0.15971160887973518 0.70619591509699731 0.65230870127199791 0.54822451903824743 -2.5678197596090713 3.6322866757012759 1 CAMERA 1 57
58 1 0.99934424030806746 0.0038222747888898524 0.035970946476218457 -0.0016033053779457194 -0.46742121479219445 -1.0858349177170084 1.8631926839104793 1 CAMERA 1 58
59 1 0.8915714017799975 -0.30601560808120704 0.22623212078861918 0.24550745541067176 -0.20821787047098225 -2.4659840775029531 3.1936263371987059 1 CAMERA 1 59
60 1 0.58969335508597742 0.065979439702142859 0.15368255185452911 0.79012032865856241 0.39112073720073182 -0.39533299969337088 1.648634021444747 1 CAMERA 1 60
61 1 0.82482172935048137 -0.12352740399463877 0.2657889988344953 0.48349385037679976 0.05762583910477314 -1.8981682119421917 2.3682996121226512 1 CAMERA 1 61
62 1 -0.49592721420554203 0.050648830021863225 0.39330861130240929 0.77252781859497932 0.018230200213039924 -1.18959438051471 1.8624533211163006 1 CAMERA 1 62
63 1 0.96680034389478975 -0.1896706835228589 0.11262994311718603 0.12898303287761281 -0.36221518924380058 -2.0220005335536548 2.5327422743994616 1 CAMERA 1 63
64 1 -0.39848319353369005 0.12581945719187884 0.58109185725009793 0.69836441926888326 0.11595057499535201 -2.115285351861516 2.6164880428468633 1 CAMERA 1 64
65 1 0.7026163993303296 -0.24708634369415969 0.41496880370808525 0.52257002028533461 0.2085549338945244 -2.4388055705141256 3.1366985920179 1 CAMERA 1 65
66 1 -0.41340939486898737 0.078302014804588288 0.49316438702933862 0.76141339236815142 0.11390753204725435 -1.6542907931103454 2.1721962740527054 1 CAMERA 1 66
67 1 0.92767708456859077 -0.36465416757084429 0.073058430579205344 0.033241999952436166 -0.43014471383154396 -2.4870649407426293 3.3134533657388152 1 CAMERA 1 67
68 1 0.99429295522579042 0.068374929358294118 0.051722198765109147 0.063491750476067504 -0.42625781761624243 -0.80657475804481249 1.7476483097181692 1 CAMERA 1 68
69 1 0.45110875902749858 -0.30770664608862436 0.65220182982013342 0.52578539411135239 0.43283859805833441 -2.6749048482513262 4.2108260653705747 1 CAMERA 1 69
70 1 -0.47326906956794468 0.008183731756701465 0.3344547790538473 0.81491681483012035 0.045208330444407578 -0.77585683481532697 1.704356630096286 1 CAMERA 1 70
71 1 -0.25098167320490516 0.045615039580780635 0.57439204223165574 0.77781826264253895 0.29398149437502424 -1.9182464865005728 2.4144921575941591 1 CAMERA 1 71
72 1 0.59606297558107768 -0.30142713576148344 -0.53463859764816624 -0.5176989287924616 -0.20664398528388936 -2.4716093493829328 3.2145797433645864 1 CAMERA 1 72
73 1 0.85567656135859638 -0.46979855456660596 -0.13601151554515128 -0.16913842883202918 -0.53961028124426635 -2.5974649421515648 3.7442977821371199 1 CAMERA 1 73
74 1 0.54129825958396649 -0.26810085263072342 0.55184290960231297 0.57496741656523598 0.38238681545159692 -2.58330653724015 3.5739431601091378 1 CAMERA 1 74
75 1 0.70087824055750059 -0.028898073429924735 0.25325148550825366 0.66618186582413352 0.27532142441721585 -1.316141592037126 1.9520837701657872 1 CAMERA 1 75
76 1 0.96919310762188793 -0.23452593635729505 0.064520638425789659 0.038721990278005936 -0.43042592184694894 -2.123542641855368 2.6714186269338955 1 CAMERA 1 76
77 1 -0.096890072201517852 -0.03446536648516698 0.32054569233146818 0.94163417076355482 0.41649164873385258 -0.55110379735143999 1.6849474029715323 1 CAMERA 1 77
78 1 0.9203402660946941 -0.038080174926388696 0.16337796308803998 0.35331478324509169 -0.14082673879327498 -1.4662398310428231 2.0248319748736128 1 CAMERA 1 78
79 1 0.62973256581926551 -0.23054160755038564 -0.46865139362751729 -0.57502463772064094 -0.21056963649255711 -2.148327007114712 2.6711063502120731 1 CAMERA 1 79
80 1 0.5555533323924271 -0.25596363727639648 0.53254271819865395 0.58501398663065807 0.37424314291765887 -2.5436356433619225 3.4416597313076438 1 CAMERA 1 80
81 1 0.88419582386889195 -0.3914419053215632 0.19431452871903657 0.16496315873471407 -0.28620854264341505 -2.6066967150098801 3.6134103705623506 1 CAMERA 1 81
82 1 -0.44678812572983717 0.038420646360600726 0.40384673151167905 0.79737823025675003 0.081042476115404855 -1.1686377455391126 1.8524625178829961 1 CAMERA 1 82
83 1 0.4806515152957222 -0.074924625344471585 0.36706607671871699 0.79285743780533813 0.47982218404484633 -1.5146552034356808 2.1094244150209072 1 CAMERA 1 83
84 1 -0.44597561822789611 0.13415669608996705 0.54758408303781803 0.69516861324724821 0.057662463534409437 -2.024771078860232 2.5134189817680985 1 CAMERA 1 84
85 1 0.9515354821051123 -0.12879678891380936 0.15064618259755558 0.23515386692390819 -0.26070898045421964 -1.8409000338543164 2.329074097263216 1 CAMERA 1 85
86 1 -0.4262763641411404 0.098381372478323598 0.51475638344081487 0.73731637214348078 0.093333172406438625 -1.7998242682954095 2.2915666640369032 1 CAMERA 1 86
87 1 0.85667616047826967 -0.22662298974571798 0.27373947052586034 0.37391801088359444 -0.055070426588198593 -2.2891537411027563 2.8482303641596416 1 CAMERA 1 87
88 1 -0.279428101439407 0.081447684430809353 0.62933485260762445 0.72057189379004205 0.25530465987062911 -2.1977893755421474 2.7398301636660349 1 CAMERA 1 88
89 1 0.25954180602890853 -0.093707847969128275 0.50569686704990136 0.81739070756166643 0.54859487790703021 -1.8558729936990648 2.401034480491806 1 CAMERA 1 89
90 1 -0.21921584489974463 0.081278059200168659 0.71315401660464806 0.66087036477527317 0.3105192744272528 -2.4804011389799885 3.2564680904705212 1 CAMERA 1 90
91 1 0.63623019966111316 -0.25759312982562282 -0.4766258688918022 -0.54925831228025523 -0.23154813409612751 -2.2535288669147375 2.8204748694783994 1 CAMERA 1 91
92 1 0.006758314921598515 -0.042769449123702709 0.69429884169574796 0.71838305786051115 0.49069895299364136 -2.3995797052259276 3.1440862166706394 1 CAMERA 1 92
93 1 -0.21662188441942279 0.075178826760073272 0.70147166181733156 0.67480412777693377 0.3137360953982718 -2.4400886998253197 3.1673859946030345 1 CAMERA 1 93
94 1 0.87260202162653067 -0.47670379775023697 0.097395543305668755 0.042817160204604014 -0.41277529093240795 -2.6606470639582751 3.9822682388523192 1 CAMERA 1 94
95 1 0.87515634339409076 -0.27644297906478232 -0.21263880812949854 -0.3353586009335961 -0.51543390940216771 -2.0933796627937302 2.6569337278550456 1 CAMERA 1 95
96 1 0.86102851463561259 -0.45132234010646122 -0.14557699584089326 -0.18369915782920479 -0.54134035019947235 -2.5700974291733409 3.6280786575111095 1 CAMERA 1 96
97 1 0.74907747987946072 0.03360907350988393 0.18753248888652263 0.63449580371131653 0.2057314958457874 -0.95135452915497609 1.7747711796686252 1 CAMERA 1 97
98 1 0.8231562220323273 -0.46279281238134484 -0.22472760310505885 -0.24027931941864331 -0.53059081799970198 -2.5892297233158845 3.6969966155244505 1 CAMERA 1 98
99 1 0.081806181720121746 -0.025986094907048757 0.22024340870205478 0.97166110986658105 0.5077191442610306 -0.12165947256589867 1.643477178273012 1 CAMERA 1 99
100 1 0.76414200812179045 -0.19258495662551084 0.34225836008557892 0.51171988514877753 0.13949262236835586 -2.2163152163459365 2.7470038355935689 1 CAMERA 1 100
